10110111 10100000 10101010 10101010         //LUI
00010111 10100001 10101010 10101010         //AUIPC
10010011 10000000 11110000 11111111         //ADDI
00010011 10100010 11110001 11111111         //SLTI
00010011 10110010 11110001 11111111         //SLTIU
00010011 11000010 11110000 11111111         //XORI
00010011 11100010 11110000 11111111         //ORI
00010011 11110010 00000000 00000000         //ANDI
00010011 10010010 01000000 00000000         //SLLI
00010011 11010010 01000000 00000000         //SRLI
00010011 11010010 01000000 01000000         //SRAI
00110011 00000010 00010000 00000000         //ADD
00110011 10000010 00010000 01000000         //SUB
10010011 00000000 01000000 00000000         //ADDI
00110011 10010010 00010000 00000000         //SLL
00110011 00100010 00010000 00000000         //SLT
00110011 10110010 00000000 00000000         //SLTU
00110011 01000010 00000001 00000000         //XOR
00110011 01010010 00010010 00000000         //SRL
00110011 01010010 00010001 01000000         //SRA
00110011 11100010 00000000 00000000         //OR
00110011 11110010 00000000 00000000         //AND
01101111 00000010 00000000 00000001         //JAL
10110111 10100000 10101010 10101010  	    //LUI
10110111 10100000 10101010 10101010  	    //LUI
10110111 10100000 10101010 10101010  	    //LUI
10110111 10100000 10101010 10101010  	    //LUI
11100111 00000000 00000010 00000010         //JALR
10110111 10100000 10101010 10101010  	    //LUI
10110111 10100000 10101010 10101010  	    //LUI
10110111 10100000 10101010 10101010  	    //LUI
10110111 10100000 10101010 10101010  	    //LUI
01100011 00001000 00000000 00000000         //BEQ
10110111 10100000 10101010 10101010  	    //LUI
10110111 10100000 10101010 10101010  	    //LUI
10110111 10100000 10101010 10101010  	    //LUI
10110111 10100000 10101010 10101010  	    //LUI
10110111 10100000 10101010 10101010  	    //LUI
10110111 10100000 10101010 10101010  	    //LUI
10110111 10100000 10101010 10101010  	    //LUI
10110111 10100000 10101010 10101010  	    //LUI
10110111 10100000 10101010 10101010  	    //LUI
10110111 10100000 10101010 10101010  	    //LUI
10110111 10100000 10101010 10101010  	    //LUI
10110111 10100000 10101010 10101010  	    //LUI
10110111 10100000 10101010 10101010  	    //LUI
10110111 10100000 10101010 10101010  	    //LUI
10110111 10100000 10101010 10101010  	    //LUI
10110111 10100000 10101010 10101010  	    //LUI
10000011 00000000 00000000 00000000         //LB
00010011 10000001 00010000 00000000         //ADDI
00010011 10000001 00100000 00000000         //ADDI
00010011 10000001 00100000 00000000         //ADDI
10000011 00100000 00000000 00000000         //LW
10000011 01000000 00000000 00000000         //LBU
10000011 00010000 00000000 00000000         //LH
10000011 01010000 00000000 00000000         //LHU
00100011 00000000 00100000 00000000         //SB 0000000_00001_00000_000_00000_01000_11
   
